in func, time: 18:48:27
1 8
in func, time: 18:48:27
2 7
in func, time: 18:54:51
1 7
in func, time: 18:54:51
2 8
2 7
4 9
in func, time: 18:56:19
2 7
in func, time: 18:56:19
2 7
in func, time: 18:56:19
1 8
in func, time: 18:57:37
1 8
2 7
3 8
2 7
4 7
6 6
7 6
8 5
10 6
9 5
10 4
9 7
11 7
11 6
11 5
10 8
11 9
12 8
13 9
12 7
13 10
12 7
12 6
13 7
13 6
14 8
14 8
13 6
12 6
13 5
14 5
12 5
10 9
10 3
13 10
15 10
15 11
15 5
15 7
14 8
13 4
13 3
14 4
15 4
15 12
7 5
8 4
14 3
16 10
13 3
7 4
14 3
11 3
15 3
9 3
8 3
6 3
6 3
4 3
5 2
6 2
7 2
3 2
2 2
5 4
4 2
4 2
in func, time: 18:59:22
2 8
4 8
5 8
5 7
6 6
7 6
8 5
9 6
10 6
12 6
13 7
10 7
13 7
11 8
12 8
12 9
11 10
13 9
12 8
11 8
14 10
13 10
14 8
14 8
14 6
4 5
15 8
14 6
14 11
15 8
5 4
11 10
7 5
14 9
14 11
15 12
15 12
14 13
13 5
12 5
15 5
11 4
12 13
15 5
14 4
13 4
12 4
10 5
14 4
11 13
11 13
9 13
9 12
8 12
8 12
7 13
6 12
5 13
5 12
7 14
5 12
13 3
12 2
3 14
2 14
1 14
11 3
